###
kuhn
2
3
13 13 
6 6
zero-sum
2-2 2-2 
###
### TREEPLEXES
=== 1
0 1 2
2 3 12
4 5 6
6 7 12
8 9 10
10 11 12
=== 2
0 1 12
2 3 12
4 5 12
6 7 12
8 9 12
10 11 12
### UTILITY MATRIX
2 0 -1 1 0.16666666666666666
0 1 -1 1 0.16666666666666666
1 1 -2 2 0.16666666666666666
3 2 1 -1 0.16666666666666666
3 3 -2 2 0.16666666666666666
2 4 -1 1 0.16666666666666666
0 5 -1 1 0.16666666666666666
1 5 -2 2 0.16666666666666666
3 6 1 -1 0.16666666666666666
3 7 -2 2 0.16666666666666666
6 8 1 -1 0.16666666666666666
4 9 -1 1 0.16666666666666666
5 9 2 -2 0.16666666666666666
7 10 1 -1 0.16666666666666666
7 11 2 -2 0.16666666666666666
6 4 -1 1 0.16666666666666666
4 5 -1 1 0.16666666666666666
5 5 -2 2 0.16666666666666666
7 6 1 -1 0.16666666666666666
7 7 -2 2 0.16666666666666666
10 8 1 -1 0.16666666666666666
8 9 -1 1 0.16666666666666666
9 9 2 -2 0.16666666666666666
11 10 1 -1 0.16666666666666666
11 11 2 -2 0.16666666666666666
10 0 1 -1 0.16666666666666666
8 1 -1 1 0.16666666666666666
9 1 2 -2 0.16666666666666666
11 2 1 -1 0.16666666666666666
11 3 2 -2 0.16666666666666666
