### info
### game specific info
### treeplexes

=== 1
0 1 2
2 3 38
4 5 6
6 7 16
8 9 10
10 11 16
12 13 14
14 15 16
16 17 38
18 19 20
20 21 38
22 23 24
24 25 38
26 27 28
28 29 39
30 31 32
32 33 39
34 35 36
36 37 39
38 39 120
40 41 42
42 43 78
44 45 46
46 47 56
48 49 50
50 51 56
52 53 54
54 55 56
56 57 78
58 59 60
60 61 78
62 63 64
64 65 78
66 67 68
68 69 79
70 71 72
72 73 79
74 75 76
76 77 79
78 79 120
80 81 82
82 83 118
84 85 86
86 87 96
88 89 90
90 91 96
92 93 94
94 95 96
96 97 118
98 99 100
100 101 118
102 103 104
104 105 118
106 107 108
108 109 119
110 111 112
112 113 119
114 115 116
116 117 119
118 119 120

=== 2
0 1 24
2 3 24
4 5 24
6 7 24
8 9 24
10 11 24
12 13 25
14 15 25
16 17 25
18 19 25
20 21 25
22 23 25
24 25 120
26 27 38
28 29 38
30 31 38
32 33 38
34 35 38
36 37 38
38 39 120
40 41 64
42 43 64
44 45 64
46 47 64
48 49 64
50 51 64
52 53 65
54 55 65
56 57 65
58 59 65
60 61 65
62 63 65
64 65 120
66 67 78
68 69 78
70 71 78
72 73 78
74 75 78
76 77 78
78 79 120
80 81 104
82 83 104
84 85 104
86 87 104
88 89 104
90 91 104
92 93 105
94 95 105
96 97 105
98 99 105
100 101 105
102 103 105
104 105 120
106 107 118
108 109 118
110 111 118
112 113 118
114 115 118
116 117 118
118 119 120

### UTILITY MATRIX
2 0 0.5 0.5 0.037037037037037035
0 1 0.5 0.5 0.037037037037037035
1 1 -1 2.0 0.037037037037037035
3 2 0.5 0.5 0.037037037037037035
3 3 2.0 -1 0.037037037037037035
6 12 0.5 0.5 0.037037037037037035
4 13 0.5 0.5 0.037037037037037035
5 13 -3 4.0 0.037037037037037035
7 14 0.5 0.5 0.037037037037037035
7 15 4.0 -3 0.037037037037037035
17 25 -1 2.0 0.037037037037037035
28 26 0.5 0.5 0.037037037037037035
26 27 0.5 0.5 0.037037037037037035
27 27 -3 4.0 0.037037037037037035
29 28 0.5 0.5 0.037037037037037035
29 29 4.0 -3 0.037037037037037035
39 39 2.0 -1 0.037037037037037035
20 4 0.5 0.5 0.037037037037037035
18 5 0.5 0.5 0.037037037037037035
19 5 -1 2.0 0.037037037037037035
21 6 0.5 0.5 0.037037037037037035
21 7 2.0 -1 0.037037037037037035
10 16 0.5 0.5 0.037037037037037035
8 17 0.5 0.5 0.037037037037037035
9 17 -3 4.0 0.037037037037037035
11 18 0.5 0.5 0.037037037037037035
11 19 4.0 -3 0.037037037037037035
17 25 -1 2.0 0.037037037037037035
32 30 0.5 0.5 0.037037037037037035
30 31 0.5 0.5 0.037037037037037035
31 31 -3 4.0 0.037037037037037035
33 32 0.5 0.5 0.037037037037037035
33 33 4.0 -3 0.037037037037037035
39 39 2.0 -1 0.037037037037037035
2 0 0.5 0.5 0.037037037037037035
0 1 0.5 0.5 0.037037037037037035
1 1 -1 2.0 0.037037037037037035
3 2 0.5 0.5 0.037037037037037035
3 3 2.0 -1 0.037037037037037035
6 12 0.5 0.5 0.037037037037037035
4 13 0.5 0.5 0.037037037037037035
5 13 -3 4.0 0.037037037037037035
7 14 0.5 0.5 0.037037037037037035
7 15 4.0 -3 0.037037037037037035
17 25 -1 2.0 0.037037037037037035
28 26 0.5 0.5 0.037037037037037035
26 27 0.5 0.5 0.037037037037037035
27 27 -3 4.0 0.037037037037037035
29 28 0.5 0.5 0.037037037037037035
29 29 4.0 -3 0.037037037037037035
39 39 2.0 -1 0.037037037037037035
20 4 0.5 0.5 0.037037037037037035
18 5 0.5 0.5 0.037037037037037035
19 5 -1 2.0 0.037037037037037035
21 6 0.5 0.5 0.037037037037037035
21 7 2.0 -1 0.037037037037037035
10 16 0.5 0.5 0.037037037037037035
8 17 0.5 0.5 0.037037037037037035
9 17 -3 4.0 0.037037037037037035
11 18 0.5 0.5 0.037037037037037035
11 19 4.0 -3 0.037037037037037035
17 25 -1 2.0 0.037037037037037035
32 30 0.5 0.5 0.037037037037037035
30 31 0.5 0.5 0.037037037037037035
31 31 -3 4.0 0.037037037037037035
33 32 0.5 0.5 0.037037037037037035
33 33 4.0 -3 0.037037037037037035
39 39 2.0 -1 0.037037037037037035
2 0 0.5 0.5 0.037037037037037035
0 1 0.5 0.5 0.037037037037037035
1 1 -1 2.0 0.037037037037037035
3 2 0.5 0.5 0.037037037037037035
3 3 2.0 -1 0.037037037037037035
6 12 0.5 0.5 0.037037037037037035
4 13 0.5 0.5 0.037037037037037035
5 13 -3 4.0 0.037037037037037035
7 14 0.5 0.5 0.037037037037037035
7 15 4.0 -3 0.037037037037037035
17 25 -1 2.0 0.037037037037037035
28 26 0.5 0.5 0.037037037037037035
26 27 0.5 0.5 0.037037037037037035
27 27 -3 4.0 0.037037037037037035
29 28 0.5 0.5 0.037037037037037035
29 29 4.0 -3 0.037037037037037035
39 39 2.0 -1 0.037037037037037035
20 4 0.5 0.5 0.037037037037037035
18 5 0.5 0.5 0.037037037037037035
19 5 -1 2.0 0.037037037037037035
21 6 0.5 0.5 0.037037037037037035
21 7 2.0 -1 0.037037037037037035
10 16 0.5 0.5 0.037037037037037035
8 17 0.5 0.5 0.037037037037037035
9 17 -3 4.0 0.037037037037037035
11 18 0.5 0.5 0.037037037037037035
11 19 4.0 -3 0.037037037037037035
17 25 -1 2.0 0.037037037037037035
32 30 0.5 0.5 0.037037037037037035
30 31 0.5 0.5 0.037037037037037035
31 31 -3 4.0 0.037037037037037035
33 32 0.5 0.5 0.037037037037037035
33 33 4.0 -3 0.037037037037037035
39 39 2.0 -1 0.037037037037037035
24 40 2.0 -1 0.037037037037037035
22 41 6.0 -5 0.037037037037037035
23 41 -1 2.0 0.037037037037037035
25 42 6.0 -5 0.037037037037037035
25 43 2.0 -1 0.037037037037037035
14 52 4.0 -3 0.037037037037037035
12 53 8.0 -7 0.037037037037037035
13 53 -3 4.0 0.037037037037037035
15 54 8.0 -7 0.037037037037037035
15 55 4.0 -3 0.037037037037037035
17 65 -1 2.0 0.037037037037037035
36 66 4.0 -3 0.037037037037037035
34 67 8.0 -7 0.037037037037037035
35 67 -3 4.0 0.037037037037037035
37 68 8.0 -7 0.037037037037037035
37 69 4.0 -3 0.037037037037037035
39 79 2.0 -1 0.037037037037037035
2 44 -1 2.0 0.037037037037037035
0 45 -5 6.0 0.037037037037037035
1 45 -1 2.0 0.037037037037037035
3 46 -5 6.0 0.037037037037037035
3 47 2.0 -1 0.037037037037037035
6 56 -3 4.0 0.037037037037037035
4 57 -7 8.0 0.037037037037037035
5 57 -3 4.0 0.037037037037037035
7 58 -7 8.0 0.037037037037037035
7 59 4.0 -3 0.037037037037037035
17 65 -1 2.0 0.037037037037037035
28 70 -3 4.0 0.037037037037037035
26 71 -7 8.0 0.037037037037037035
27 71 -3 4.0 0.037037037037037035
29 72 -7 8.0 0.037037037037037035
29 73 4.0 -3 0.037037037037037035
39 79 2.0 -1 0.037037037037037035
20 48 -1 2.0 0.07407407407407407
18 49 -5 6.0 0.07407407407407407
19 49 -1 2.0 0.07407407407407407
21 50 -5 6.0 0.07407407407407407
21 51 2.0 -1 0.07407407407407407
10 60 -3 4.0 0.07407407407407407
8 61 -7 8.0 0.07407407407407407
9 61 -3 4.0 0.07407407407407407
11 62 -7 8.0 0.07407407407407407
11 63 4.0 -3 0.07407407407407407
17 65 -1 2.0 0.07407407407407407
32 74 -3 4.0 0.07407407407407407
30 75 -7 8.0 0.07407407407407407
31 75 -3 4.0 0.07407407407407407
33 76 -7 8.0 0.07407407407407407
33 77 4.0 -3 0.07407407407407407
39 79 2.0 -1 0.07407407407407407
24 40 2.0 -1 0.037037037037037035
22 41 6.0 -5 0.037037037037037035
23 41 -1 2.0 0.037037037037037035
25 42 6.0 -5 0.037037037037037035
25 43 2.0 -1 0.037037037037037035
14 52 4.0 -3 0.037037037037037035
12 53 8.0 -7 0.037037037037037035
13 53 -3 4.0 0.037037037037037035
15 54 8.0 -7 0.037037037037037035
15 55 4.0 -3 0.037037037037037035
17 65 -1 2.0 0.037037037037037035
36 66 4.0 -3 0.037037037037037035
34 67 8.0 -7 0.037037037037037035
35 67 -3 4.0 0.037037037037037035
37 68 8.0 -7 0.037037037037037035
37 69 4.0 -3 0.037037037037037035
39 79 2.0 -1 0.037037037037037035
2 44 -1 2.0 0.037037037037037035
0 45 -5 6.0 0.037037037037037035
1 45 -1 2.0 0.037037037037037035
3 46 -5 6.0 0.037037037037037035
3 47 2.0 -1 0.037037037037037035
6 56 -3 4.0 0.037037037037037035
4 57 -7 8.0 0.037037037037037035
5 57 -3 4.0 0.037037037037037035
7 58 -7 8.0 0.037037037037037035
7 59 4.0 -3 0.037037037037037035
17 65 -1 2.0 0.037037037037037035
28 70 -3 4.0 0.037037037037037035
26 71 -7 8.0 0.037037037037037035
27 71 -3 4.0 0.037037037037037035
29 72 -7 8.0 0.037037037037037035
29 73 4.0 -3 0.037037037037037035
39 79 2.0 -1 0.037037037037037035
20 48 -1 2.0 0.07407407407407407
18 49 -5 6.0 0.07407407407407407
19 49 -1 2.0 0.07407407407407407
21 50 -5 6.0 0.07407407407407407
21 51 2.0 -1 0.07407407407407407
10 60 -3 4.0 0.07407407407407407
8 61 -7 8.0 0.07407407407407407
9 61 -3 4.0 0.07407407407407407
11 62 -7 8.0 0.07407407407407407
11 63 4.0 -3 0.07407407407407407
17 65 -1 2.0 0.07407407407407407
32 74 -3 4.0 0.07407407407407407
30 75 -7 8.0 0.07407407407407407
31 75 -3 4.0 0.07407407407407407
33 76 -7 8.0 0.07407407407407407
33 77 4.0 -3 0.07407407407407407
39 79 2.0 -1 0.07407407407407407
24 40 2.0 -1 0.037037037037037035
22 41 6.0 -5 0.037037037037037035
23 41 -1 2.0 0.037037037037037035
25 42 6.0 -5 0.037037037037037035
25 43 2.0 -1 0.037037037037037035
14 52 4.0 -3 0.037037037037037035
12 53 8.0 -7 0.037037037037037035
13 53 -3 4.0 0.037037037037037035
15 54 8.0 -7 0.037037037037037035
15 55 4.0 -3 0.037037037037037035
17 65 -1 2.0 0.037037037037037035
36 66 4.0 -3 0.037037037037037035
34 67 8.0 -7 0.037037037037037035
35 67 -3 4.0 0.037037037037037035
37 68 8.0 -7 0.037037037037037035
37 69 4.0 -3 0.037037037037037035
39 79 2.0 -1 0.037037037037037035
2 44 -1 2.0 0.037037037037037035
0 45 -5 6.0 0.037037037037037035
1 45 -1 2.0 0.037037037037037035
3 46 -5 6.0 0.037037037037037035
3 47 2.0 -1 0.037037037037037035
6 56 -3 4.0 0.037037037037037035
4 57 -7 8.0 0.037037037037037035
5 57 -3 4.0 0.037037037037037035
7 58 -7 8.0 0.037037037037037035
7 59 4.0 -3 0.037037037037037035
17 65 -1 2.0 0.037037037037037035
28 70 -3 4.0 0.037037037037037035
26 71 -7 8.0 0.037037037037037035
27 71 -3 4.0 0.037037037037037035
29 72 -7 8.0 0.037037037037037035
29 73 4.0 -3 0.037037037037037035
39 79 2.0 -1 0.037037037037037035
20 48 -1 2.0 0.07407407407407407
18 49 -5 6.0 0.07407407407407407
19 49 -1 2.0 0.07407407407407407
21 50 -5 6.0 0.07407407407407407
21 51 2.0 -1 0.07407407407407407
10 60 -3 4.0 0.07407407407407407
8 61 -7 8.0 0.07407407407407407
9 61 -3 4.0 0.07407407407407407
11 62 -7 8.0 0.07407407407407407
11 63 4.0 -3 0.07407407407407407
17 65 -1 2.0 0.07407407407407407
32 74 -3 4.0 0.07407407407407407
30 75 -7 8.0 0.07407407407407407
31 75 -3 4.0 0.07407407407407407
33 76 -7 8.0 0.07407407407407407
33 77 4.0 -3 0.07407407407407407
39 79 2.0 -1 0.07407407407407407
24 80 2.0 -1 0.037037037037037035
22 81 6.0 -5 0.037037037037037035
23 81 -1 2.0 0.037037037037037035
25 82 6.0 -5 0.037037037037037035
25 83 2.0 -1 0.037037037037037035
14 92 4.0 -3 0.037037037037037035
12 93 8.0 -7 0.037037037037037035
13 93 -3 4.0 0.037037037037037035
15 94 8.0 -7 0.037037037037037035
15 95 4.0 -3 0.037037037037037035
17 105 -1 2.0 0.037037037037037035
36 106 4.0 -3 0.037037037037037035
34 107 8.0 -7 0.037037037037037035
35 107 -3 4.0 0.037037037037037035
37 108 8.0 -7 0.037037037037037035
37 109 4.0 -3 0.037037037037037035
39 119 2.0 -1 0.037037037037037035
2 84 -1 2.0 0.07407407407407407
0 85 -5 6.0 0.07407407407407407
1 85 -1 2.0 0.07407407407407407
3 86 -5 6.0 0.07407407407407407
3 87 2.0 -1 0.07407407407407407
6 96 -3 4.0 0.07407407407407407
4 97 -7 8.0 0.07407407407407407
5 97 -3 4.0 0.07407407407407407
7 98 -7 8.0 0.07407407407407407
7 99 4.0 -3 0.07407407407407407
17 105 -1 2.0 0.07407407407407407
28 110 -3 4.0 0.07407407407407407
26 111 -7 8.0 0.07407407407407407
27 111 -3 4.0 0.07407407407407407
29 112 -7 8.0 0.07407407407407407
29 113 4.0 -3 0.07407407407407407
39 119 2.0 -1 0.07407407407407407
20 88 -1 2.0 0.037037037037037035
18 89 -5 6.0 0.037037037037037035
19 89 -1 2.0 0.037037037037037035
21 90 -5 6.0 0.037037037037037035
21 91 2.0 -1 0.037037037037037035
10 100 -3 4.0 0.037037037037037035
8 101 -7 8.0 0.037037037037037035
9 101 -3 4.0 0.037037037037037035
11 102 -7 8.0 0.037037037037037035
11 103 4.0 -3 0.037037037037037035
17 105 -1 2.0 0.037037037037037035
32 114 -3 4.0 0.037037037037037035
30 115 -7 8.0 0.037037037037037035
31 115 -3 4.0 0.037037037037037035
33 116 -7 8.0 0.037037037037037035
33 117 4.0 -3 0.037037037037037035
39 119 2.0 -1 0.037037037037037035
24 80 2.0 -1 0.037037037037037035
22 81 6.0 -5 0.037037037037037035
23 81 -1 2.0 0.037037037037037035
25 82 6.0 -5 0.037037037037037035
25 83 2.0 -1 0.037037037037037035
14 92 4.0 -3 0.037037037037037035
12 93 8.0 -7 0.037037037037037035
13 93 -3 4.0 0.037037037037037035
15 94 8.0 -7 0.037037037037037035
15 95 4.0 -3 0.037037037037037035
17 105 -1 2.0 0.037037037037037035
36 106 4.0 -3 0.037037037037037035
34 107 8.0 -7 0.037037037037037035
35 107 -3 4.0 0.037037037037037035
37 108 8.0 -7 0.037037037037037035
37 109 4.0 -3 0.037037037037037035
39 119 2.0 -1 0.037037037037037035
2 84 -1 2.0 0.07407407407407407
0 85 -5 6.0 0.07407407407407407
1 85 -1 2.0 0.07407407407407407
3 86 -5 6.0 0.07407407407407407
3 87 2.0 -1 0.07407407407407407
6 96 -3 4.0 0.07407407407407407
4 97 -7 8.0 0.07407407407407407
5 97 -3 4.0 0.07407407407407407
7 98 -7 8.0 0.07407407407407407
7 99 4.0 -3 0.07407407407407407
17 105 -1 2.0 0.07407407407407407
28 110 -3 4.0 0.07407407407407407
26 111 -7 8.0 0.07407407407407407
27 111 -3 4.0 0.07407407407407407
29 112 -7 8.0 0.07407407407407407
29 113 4.0 -3 0.07407407407407407
39 119 2.0 -1 0.07407407407407407
20 88 -1 2.0 0.037037037037037035
18 89 -5 6.0 0.037037037037037035
19 89 -1 2.0 0.037037037037037035
21 90 -5 6.0 0.037037037037037035
21 91 2.0 -1 0.037037037037037035
10 100 -3 4.0 0.037037037037037035
8 101 -7 8.0 0.037037037037037035
9 101 -3 4.0 0.037037037037037035
11 102 -7 8.0 0.037037037037037035
11 103 4.0 -3 0.037037037037037035
17 105 -1 2.0 0.037037037037037035
32 114 -3 4.0 0.037037037037037035
30 115 -7 8.0 0.037037037037037035
31 115 -3 4.0 0.037037037037037035
33 116 -7 8.0 0.037037037037037035
33 117 4.0 -3 0.037037037037037035
39 119 2.0 -1 0.037037037037037035
24 80 2.0 -1 0.037037037037037035
22 81 6.0 -5 0.037037037037037035
23 81 -1 2.0 0.037037037037037035
25 82 6.0 -5 0.037037037037037035
25 83 2.0 -1 0.037037037037037035
14 92 4.0 -3 0.037037037037037035
12 93 8.0 -7 0.037037037037037035
13 93 -3 4.0 0.037037037037037035
15 94 8.0 -7 0.037037037037037035
15 95 4.0 -3 0.037037037037037035
17 105 -1 2.0 0.037037037037037035
36 106 4.0 -3 0.037037037037037035
34 107 8.0 -7 0.037037037037037035
35 107 -3 4.0 0.037037037037037035
37 108 8.0 -7 0.037037037037037035
37 109 4.0 -3 0.037037037037037035
39 119 2.0 -1 0.037037037037037035
2 84 -1 2.0 0.07407407407407407
0 85 -5 6.0 0.07407407407407407
1 85 -1 2.0 0.07407407407407407
3 86 -5 6.0 0.07407407407407407
3 87 2.0 -1 0.07407407407407407
6 96 -3 4.0 0.07407407407407407
4 97 -7 8.0 0.07407407407407407
5 97 -3 4.0 0.07407407407407407
7 98 -7 8.0 0.07407407407407407
7 99 4.0 -3 0.07407407407407407
17 105 -1 2.0 0.07407407407407407
28 110 -3 4.0 0.07407407407407407
26 111 -7 8.0 0.07407407407407407
27 111 -3 4.0 0.07407407407407407
29 112 -7 8.0 0.07407407407407407
29 113 4.0 -3 0.07407407407407407
39 119 2.0 -1 0.07407407407407407
20 88 -1 2.0 0.037037037037037035
18 89 -5 6.0 0.037037037037037035
19 89 -1 2.0 0.037037037037037035
21 90 -5 6.0 0.037037037037037035
21 91 2.0 -1 0.037037037037037035
10 100 -3 4.0 0.037037037037037035
8 101 -7 8.0 0.037037037037037035
9 101 -3 4.0 0.037037037037037035
11 102 -7 8.0 0.037037037037037035
11 103 4.0 -3 0.037037037037037035
17 105 -1 2.0 0.037037037037037035
32 114 -3 4.0 0.037037037037037035
30 115 -7 8.0 0.037037037037037035
31 115 -3 4.0 0.037037037037037035
33 116 -7 8.0 0.037037037037037035
33 117 4.0 -3 0.037037037037037035
39 119 2.0 -1 0.037037037037037035
42 8 -1 2.0 0.037037037037037035
40 9 -5 6.0 0.037037037037037035
41 9 -1 2.0 0.037037037037037035
43 10 -5 6.0 0.037037037037037035
43 11 2.0 -1 0.037037037037037035
46 20 -3 4.0 0.037037037037037035
44 21 -7 8.0 0.037037037037037035
45 21 -3 4.0 0.037037037037037035
47 22 -7 8.0 0.037037037037037035
47 23 4.0 -3 0.037037037037037035
57 25 -1 2.0 0.037037037037037035
68 34 -3 4.0 0.037037037037037035
66 35 -7 8.0 0.037037037037037035
67 35 -3 4.0 0.037037037037037035
69 36 -7 8.0 0.037037037037037035
69 37 4.0 -3 0.037037037037037035
79 39 2.0 -1 0.037037037037037035
60 0 2.0 -1 0.037037037037037035
58 1 6.0 -5 0.037037037037037035
59 1 -1 2.0 0.037037037037037035
61 2 6.0 -5 0.037037037037037035
61 3 2.0 -1 0.037037037037037035
50 12 4.0 -3 0.037037037037037035
48 13 8.0 -7 0.037037037037037035
49 13 -3 4.0 0.037037037037037035
51 14 8.0 -7 0.037037037037037035
51 15 4.0 -3 0.037037037037037035
57 25 -1 2.0 0.037037037037037035
72 26 4.0 -3 0.037037037037037035
70 27 8.0 -7 0.037037037037037035
71 27 -3 4.0 0.037037037037037035
73 28 8.0 -7 0.037037037037037035
73 29 4.0 -3 0.037037037037037035
79 39 2.0 -1 0.037037037037037035
64 4 2.0 -1 0.07407407407407407
62 5 6.0 -5 0.07407407407407407
63 5 -1 2.0 0.07407407407407407
65 6 6.0 -5 0.07407407407407407
65 7 2.0 -1 0.07407407407407407
54 16 4.0 -3 0.07407407407407407
52 17 8.0 -7 0.07407407407407407
53 17 -3 4.0 0.07407407407407407
55 18 8.0 -7 0.07407407407407407
55 19 4.0 -3 0.07407407407407407
57 25 -1 2.0 0.07407407407407407
76 30 4.0 -3 0.07407407407407407
74 31 8.0 -7 0.07407407407407407
75 31 -3 4.0 0.07407407407407407
77 32 8.0 -7 0.07407407407407407
77 33 4.0 -3 0.07407407407407407
79 39 2.0 -1 0.07407407407407407
42 8 -1 2.0 0.037037037037037035
40 9 -5 6.0 0.037037037037037035
41 9 -1 2.0 0.037037037037037035
43 10 -5 6.0 0.037037037037037035
43 11 2.0 -1 0.037037037037037035
46 20 -3 4.0 0.037037037037037035
44 21 -7 8.0 0.037037037037037035
45 21 -3 4.0 0.037037037037037035
47 22 -7 8.0 0.037037037037037035
47 23 4.0 -3 0.037037037037037035
57 25 -1 2.0 0.037037037037037035
68 34 -3 4.0 0.037037037037037035
66 35 -7 8.0 0.037037037037037035
67 35 -3 4.0 0.037037037037037035
69 36 -7 8.0 0.037037037037037035
69 37 4.0 -3 0.037037037037037035
79 39 2.0 -1 0.037037037037037035
60 0 2.0 -1 0.037037037037037035
58 1 6.0 -5 0.037037037037037035
59 1 -1 2.0 0.037037037037037035
61 2 6.0 -5 0.037037037037037035
61 3 2.0 -1 0.037037037037037035
50 12 4.0 -3 0.037037037037037035
48 13 8.0 -7 0.037037037037037035
49 13 -3 4.0 0.037037037037037035
51 14 8.0 -7 0.037037037037037035
51 15 4.0 -3 0.037037037037037035
57 25 -1 2.0 0.037037037037037035
72 26 4.0 -3 0.037037037037037035
70 27 8.0 -7 0.037037037037037035
71 27 -3 4.0 0.037037037037037035
73 28 8.0 -7 0.037037037037037035
73 29 4.0 -3 0.037037037037037035
79 39 2.0 -1 0.037037037037037035
64 4 2.0 -1 0.07407407407407407
62 5 6.0 -5 0.07407407407407407
63 5 -1 2.0 0.07407407407407407
65 6 6.0 -5 0.07407407407407407
65 7 2.0 -1 0.07407407407407407
54 16 4.0 -3 0.07407407407407407
52 17 8.0 -7 0.07407407407407407
53 17 -3 4.0 0.07407407407407407
55 18 8.0 -7 0.07407407407407407
55 19 4.0 -3 0.07407407407407407
57 25 -1 2.0 0.07407407407407407
76 30 4.0 -3 0.07407407407407407
74 31 8.0 -7 0.07407407407407407
75 31 -3 4.0 0.07407407407407407
77 32 8.0 -7 0.07407407407407407
77 33 4.0 -3 0.07407407407407407
79 39 2.0 -1 0.07407407407407407
42 8 -1 2.0 0.037037037037037035
40 9 -5 6.0 0.037037037037037035
41 9 -1 2.0 0.037037037037037035
43 10 -5 6.0 0.037037037037037035
43 11 2.0 -1 0.037037037037037035
46 20 -3 4.0 0.037037037037037035
44 21 -7 8.0 0.037037037037037035
45 21 -3 4.0 0.037037037037037035
47 22 -7 8.0 0.037037037037037035
47 23 4.0 -3 0.037037037037037035
57 25 -1 2.0 0.037037037037037035
68 34 -3 4.0 0.037037037037037035
66 35 -7 8.0 0.037037037037037035
67 35 -3 4.0 0.037037037037037035
69 36 -7 8.0 0.037037037037037035
69 37 4.0 -3 0.037037037037037035
79 39 2.0 -1 0.037037037037037035
60 0 2.0 -1 0.037037037037037035
58 1 6.0 -5 0.037037037037037035
59 1 -1 2.0 0.037037037037037035
61 2 6.0 -5 0.037037037037037035
61 3 2.0 -1 0.037037037037037035
50 12 4.0 -3 0.037037037037037035
48 13 8.0 -7 0.037037037037037035
49 13 -3 4.0 0.037037037037037035
51 14 8.0 -7 0.037037037037037035
51 15 4.0 -3 0.037037037037037035
57 25 -1 2.0 0.037037037037037035
72 26 4.0 -3 0.037037037037037035
70 27 8.0 -7 0.037037037037037035
71 27 -3 4.0 0.037037037037037035
73 28 8.0 -7 0.037037037037037035
73 29 4.0 -3 0.037037037037037035
79 39 2.0 -1 0.037037037037037035
64 4 2.0 -1 0.07407407407407407
62 5 6.0 -5 0.07407407407407407
63 5 -1 2.0 0.07407407407407407
65 6 6.0 -5 0.07407407407407407
65 7 2.0 -1 0.07407407407407407
54 16 4.0 -3 0.07407407407407407
52 17 8.0 -7 0.07407407407407407
53 17 -3 4.0 0.07407407407407407
55 18 8.0 -7 0.07407407407407407
55 19 4.0 -3 0.07407407407407407
57 25 -1 2.0 0.07407407407407407
76 30 4.0 -3 0.07407407407407407
74 31 8.0 -7 0.07407407407407407
75 31 -3 4.0 0.07407407407407407
77 32 8.0 -7 0.07407407407407407
77 33 4.0 -3 0.07407407407407407
79 39 2.0 -1 0.07407407407407407
42 40 0.5 0.5 0.037037037037037035
40 41 0.5 0.5 0.037037037037037035
41 41 -1 2.0 0.037037037037037035
43 42 0.5 0.5 0.037037037037037035
43 43 2.0 -1 0.037037037037037035
46 52 0.5 0.5 0.037037037037037035
44 53 0.5 0.5 0.037037037037037035
45 53 -3 4.0 0.037037037037037035
47 54 0.5 0.5 0.037037037037037035
47 55 4.0 -3 0.037037037037037035
57 65 -1 2.0 0.037037037037037035
68 66 0.5 0.5 0.037037037037037035
66 67 0.5 0.5 0.037037037037037035
67 67 -3 4.0 0.037037037037037035
69 68 0.5 0.5 0.037037037037037035
69 69 4.0 -3 0.037037037037037035
79 79 2.0 -1 0.037037037037037035
64 48 0.5 0.5 0.037037037037037035
62 49 0.5 0.5 0.037037037037037035
63 49 -1 2.0 0.037037037037037035
65 50 0.5 0.5 0.037037037037037035
65 51 2.0 -1 0.037037037037037035
54 60 0.5 0.5 0.037037037037037035
52 61 0.5 0.5 0.037037037037037035
53 61 -3 4.0 0.037037037037037035
55 62 0.5 0.5 0.037037037037037035
55 63 4.0 -3 0.037037037037037035
57 65 -1 2.0 0.037037037037037035
76 74 0.5 0.5 0.037037037037037035
74 75 0.5 0.5 0.037037037037037035
75 75 -3 4.0 0.037037037037037035
77 76 0.5 0.5 0.037037037037037035
77 77 4.0 -3 0.037037037037037035
79 79 2.0 -1 0.037037037037037035
42 40 0.5 0.5 0.037037037037037035
40 41 0.5 0.5 0.037037037037037035
41 41 -1 2.0 0.037037037037037035
43 42 0.5 0.5 0.037037037037037035
43 43 2.0 -1 0.037037037037037035
46 52 0.5 0.5 0.037037037037037035
44 53 0.5 0.5 0.037037037037037035
45 53 -3 4.0 0.037037037037037035
47 54 0.5 0.5 0.037037037037037035
47 55 4.0 -3 0.037037037037037035
57 65 -1 2.0 0.037037037037037035
68 66 0.5 0.5 0.037037037037037035
66 67 0.5 0.5 0.037037037037037035
67 67 -3 4.0 0.037037037037037035
69 68 0.5 0.5 0.037037037037037035
69 69 4.0 -3 0.037037037037037035
79 79 2.0 -1 0.037037037037037035
64 48 0.5 0.5 0.037037037037037035
62 49 0.5 0.5 0.037037037037037035
63 49 -1 2.0 0.037037037037037035
65 50 0.5 0.5 0.037037037037037035
65 51 2.0 -1 0.037037037037037035
54 60 0.5 0.5 0.037037037037037035
52 61 0.5 0.5 0.037037037037037035
53 61 -3 4.0 0.037037037037037035
55 62 0.5 0.5 0.037037037037037035
55 63 4.0 -3 0.037037037037037035
57 65 -1 2.0 0.037037037037037035
76 74 0.5 0.5 0.037037037037037035
74 75 0.5 0.5 0.037037037037037035
75 75 -3 4.0 0.037037037037037035
77 76 0.5 0.5 0.037037037037037035
77 77 4.0 -3 0.037037037037037035
79 79 2.0 -1 0.037037037037037035
42 40 0.5 0.5 0.037037037037037035
40 41 0.5 0.5 0.037037037037037035
41 41 -1 2.0 0.037037037037037035
43 42 0.5 0.5 0.037037037037037035
43 43 2.0 -1 0.037037037037037035
46 52 0.5 0.5 0.037037037037037035
44 53 0.5 0.5 0.037037037037037035
45 53 -3 4.0 0.037037037037037035
47 54 0.5 0.5 0.037037037037037035
47 55 4.0 -3 0.037037037037037035
57 65 -1 2.0 0.037037037037037035
68 66 0.5 0.5 0.037037037037037035
66 67 0.5 0.5 0.037037037037037035
67 67 -3 4.0 0.037037037037037035
69 68 0.5 0.5 0.037037037037037035
69 69 4.0 -3 0.037037037037037035
79 79 2.0 -1 0.037037037037037035
64 48 0.5 0.5 0.037037037037037035
62 49 0.5 0.5 0.037037037037037035
63 49 -1 2.0 0.037037037037037035
65 50 0.5 0.5 0.037037037037037035
65 51 2.0 -1 0.037037037037037035
54 60 0.5 0.5 0.037037037037037035
52 61 0.5 0.5 0.037037037037037035
53 61 -3 4.0 0.037037037037037035
55 62 0.5 0.5 0.037037037037037035
55 63 4.0 -3 0.037037037037037035
57 65 -1 2.0 0.037037037037037035
76 74 0.5 0.5 0.037037037037037035
74 75 0.5 0.5 0.037037037037037035
75 75 -3 4.0 0.037037037037037035
77 76 0.5 0.5 0.037037037037037035
77 77 4.0 -3 0.037037037037037035
79 79 2.0 -1 0.037037037037037035
42 80 -1 2.0 0.07407407407407407
40 81 -5 6.0 0.07407407407407407
41 81 -1 2.0 0.07407407407407407
43 82 -5 6.0 0.07407407407407407
43 83 2.0 -1 0.07407407407407407
46 92 -3 4.0 0.07407407407407407
44 93 -7 8.0 0.07407407407407407
45 93 -3 4.0 0.07407407407407407
47 94 -7 8.0 0.07407407407407407
47 95 4.0 -3 0.07407407407407407
57 105 -1 2.0 0.07407407407407407
68 106 -3 4.0 0.07407407407407407
66 107 -7 8.0 0.07407407407407407
67 107 -3 4.0 0.07407407407407407
69 108 -7 8.0 0.07407407407407407
69 109 4.0 -3 0.07407407407407407
79 119 2.0 -1 0.07407407407407407
60 84 2.0 -1 0.037037037037037035
58 85 6.0 -5 0.037037037037037035
59 85 -1 2.0 0.037037037037037035
61 86 6.0 -5 0.037037037037037035
61 87 2.0 -1 0.037037037037037035
50 96 4.0 -3 0.037037037037037035
48 97 8.0 -7 0.037037037037037035
49 97 -3 4.0 0.037037037037037035
51 98 8.0 -7 0.037037037037037035
51 99 4.0 -3 0.037037037037037035
57 105 -1 2.0 0.037037037037037035
72 110 4.0 -3 0.037037037037037035
70 111 8.0 -7 0.037037037037037035
71 111 -3 4.0 0.037037037037037035
73 112 8.0 -7 0.037037037037037035
73 113 4.0 -3 0.037037037037037035
79 119 2.0 -1 0.037037037037037035
64 88 -1 2.0 0.037037037037037035
62 89 -5 6.0 0.037037037037037035
63 89 -1 2.0 0.037037037037037035
65 90 -5 6.0 0.037037037037037035
65 91 2.0 -1 0.037037037037037035
54 100 -3 4.0 0.037037037037037035
52 101 -7 8.0 0.037037037037037035
53 101 -3 4.0 0.037037037037037035
55 102 -7 8.0 0.037037037037037035
55 103 4.0 -3 0.037037037037037035
57 105 -1 2.0 0.037037037037037035
76 114 -3 4.0 0.037037037037037035
74 115 -7 8.0 0.037037037037037035
75 115 -3 4.0 0.037037037037037035
77 116 -7 8.0 0.037037037037037035
77 117 4.0 -3 0.037037037037037035
79 119 2.0 -1 0.037037037037037035
42 80 -1 2.0 0.07407407407407407
40 81 -5 6.0 0.07407407407407407
41 81 -1 2.0 0.07407407407407407
43 82 -5 6.0 0.07407407407407407
43 83 2.0 -1 0.07407407407407407
46 92 -3 4.0 0.07407407407407407
44 93 -7 8.0 0.07407407407407407
45 93 -3 4.0 0.07407407407407407
47 94 -7 8.0 0.07407407407407407
47 95 4.0 -3 0.07407407407407407
57 105 -1 2.0 0.07407407407407407
68 106 -3 4.0 0.07407407407407407
66 107 -7 8.0 0.07407407407407407
67 107 -3 4.0 0.07407407407407407
69 108 -7 8.0 0.07407407407407407
69 109 4.0 -3 0.07407407407407407
79 119 2.0 -1 0.07407407407407407
60 84 2.0 -1 0.037037037037037035
58 85 6.0 -5 0.037037037037037035
59 85 -1 2.0 0.037037037037037035
61 86 6.0 -5 0.037037037037037035
61 87 2.0 -1 0.037037037037037035
50 96 4.0 -3 0.037037037037037035
48 97 8.0 -7 0.037037037037037035
49 97 -3 4.0 0.037037037037037035
51 98 8.0 -7 0.037037037037037035
51 99 4.0 -3 0.037037037037037035
57 105 -1 2.0 0.037037037037037035
72 110 4.0 -3 0.037037037037037035
70 111 8.0 -7 0.037037037037037035
71 111 -3 4.0 0.037037037037037035
73 112 8.0 -7 0.037037037037037035
73 113 4.0 -3 0.037037037037037035
79 119 2.0 -1 0.037037037037037035
64 88 -1 2.0 0.037037037037037035
62 89 -5 6.0 0.037037037037037035
63 89 -1 2.0 0.037037037037037035
65 90 -5 6.0 0.037037037037037035
65 91 2.0 -1 0.037037037037037035
54 100 -3 4.0 0.037037037037037035
52 101 -7 8.0 0.037037037037037035
53 101 -3 4.0 0.037037037037037035
55 102 -7 8.0 0.037037037037037035
55 103 4.0 -3 0.037037037037037035
57 105 -1 2.0 0.037037037037037035
76 114 -3 4.0 0.037037037037037035
74 115 -7 8.0 0.037037037037037035
75 115 -3 4.0 0.037037037037037035
77 116 -7 8.0 0.037037037037037035
77 117 4.0 -3 0.037037037037037035
79 119 2.0 -1 0.037037037037037035
42 80 -1 2.0 0.07407407407407407
40 81 -5 6.0 0.07407407407407407
41 81 -1 2.0 0.07407407407407407
43 82 -5 6.0 0.07407407407407407
43 83 2.0 -1 0.07407407407407407
46 92 -3 4.0 0.07407407407407407
44 93 -7 8.0 0.07407407407407407
45 93 -3 4.0 0.07407407407407407
47 94 -7 8.0 0.07407407407407407
47 95 4.0 -3 0.07407407407407407
57 105 -1 2.0 0.07407407407407407
68 106 -3 4.0 0.07407407407407407
66 107 -7 8.0 0.07407407407407407
67 107 -3 4.0 0.07407407407407407
69 108 -7 8.0 0.07407407407407407
69 109 4.0 -3 0.07407407407407407
79 119 2.0 -1 0.07407407407407407
60 84 2.0 -1 0.037037037037037035
58 85 6.0 -5 0.037037037037037035
59 85 -1 2.0 0.037037037037037035
61 86 6.0 -5 0.037037037037037035
61 87 2.0 -1 0.037037037037037035
50 96 4.0 -3 0.037037037037037035
48 97 8.0 -7 0.037037037037037035
49 97 -3 4.0 0.037037037037037035
51 98 8.0 -7 0.037037037037037035
51 99 4.0 -3 0.037037037037037035
57 105 -1 2.0 0.037037037037037035
72 110 4.0 -3 0.037037037037037035
70 111 8.0 -7 0.037037037037037035
71 111 -3 4.0 0.037037037037037035
73 112 8.0 -7 0.037037037037037035
73 113 4.0 -3 0.037037037037037035
79 119 2.0 -1 0.037037037037037035
64 88 -1 2.0 0.037037037037037035
62 89 -5 6.0 0.037037037037037035
63 89 -1 2.0 0.037037037037037035
65 90 -5 6.0 0.037037037037037035
65 91 2.0 -1 0.037037037037037035
54 100 -3 4.0 0.037037037037037035
52 101 -7 8.0 0.037037037037037035
53 101 -3 4.0 0.037037037037037035
55 102 -7 8.0 0.037037037037037035
55 103 4.0 -3 0.037037037037037035
57 105 -1 2.0 0.037037037037037035
76 114 -3 4.0 0.037037037037037035
74 115 -7 8.0 0.037037037037037035
75 115 -3 4.0 0.037037037037037035
77 116 -7 8.0 0.037037037037037035
77 117 4.0 -3 0.037037037037037035
79 119 2.0 -1 0.037037037037037035
82 8 -1 2.0 0.037037037037037035
80 9 -5 6.0 0.037037037037037035
81 9 -1 2.0 0.037037037037037035
83 10 -5 6.0 0.037037037037037035
83 11 2.0 -1 0.037037037037037035
86 20 -3 4.0 0.037037037037037035
84 21 -7 8.0 0.037037037037037035
85 21 -3 4.0 0.037037037037037035
87 22 -7 8.0 0.037037037037037035
87 23 4.0 -3 0.037037037037037035
97 25 -1 2.0 0.037037037037037035
108 34 -3 4.0 0.037037037037037035
106 35 -7 8.0 0.037037037037037035
107 35 -3 4.0 0.037037037037037035
109 36 -7 8.0 0.037037037037037035
109 37 4.0 -3 0.037037037037037035
119 39 2.0 -1 0.037037037037037035
100 0 2.0 -1 0.07407407407407407
98 1 6.0 -5 0.07407407407407407
99 1 -1 2.0 0.07407407407407407
101 2 6.0 -5 0.07407407407407407
101 3 2.0 -1 0.07407407407407407
90 12 4.0 -3 0.07407407407407407
88 13 8.0 -7 0.07407407407407407
89 13 -3 4.0 0.07407407407407407
91 14 8.0 -7 0.07407407407407407
91 15 4.0 -3 0.07407407407407407
97 25 -1 2.0 0.07407407407407407
112 26 4.0 -3 0.07407407407407407
110 27 8.0 -7 0.07407407407407407
111 27 -3 4.0 0.07407407407407407
113 28 8.0 -7 0.07407407407407407
113 29 4.0 -3 0.07407407407407407
119 39 2.0 -1 0.07407407407407407
104 4 2.0 -1 0.037037037037037035
102 5 6.0 -5 0.037037037037037035
103 5 -1 2.0 0.037037037037037035
105 6 6.0 -5 0.037037037037037035
105 7 2.0 -1 0.037037037037037035
94 16 4.0 -3 0.037037037037037035
92 17 8.0 -7 0.037037037037037035
93 17 -3 4.0 0.037037037037037035
95 18 8.0 -7 0.037037037037037035
95 19 4.0 -3 0.037037037037037035
97 25 -1 2.0 0.037037037037037035
116 30 4.0 -3 0.037037037037037035
114 31 8.0 -7 0.037037037037037035
115 31 -3 4.0 0.037037037037037035
117 32 8.0 -7 0.037037037037037035
117 33 4.0 -3 0.037037037037037035
119 39 2.0 -1 0.037037037037037035
82 8 -1 2.0 0.037037037037037035
80 9 -5 6.0 0.037037037037037035
81 9 -1 2.0 0.037037037037037035
83 10 -5 6.0 0.037037037037037035
83 11 2.0 -1 0.037037037037037035
86 20 -3 4.0 0.037037037037037035
84 21 -7 8.0 0.037037037037037035
85 21 -3 4.0 0.037037037037037035
87 22 -7 8.0 0.037037037037037035
87 23 4.0 -3 0.037037037037037035
97 25 -1 2.0 0.037037037037037035
108 34 -3 4.0 0.037037037037037035
106 35 -7 8.0 0.037037037037037035
107 35 -3 4.0 0.037037037037037035
109 36 -7 8.0 0.037037037037037035
109 37 4.0 -3 0.037037037037037035
119 39 2.0 -1 0.037037037037037035
100 0 2.0 -1 0.07407407407407407
98 1 6.0 -5 0.07407407407407407
99 1 -1 2.0 0.07407407407407407
101 2 6.0 -5 0.07407407407407407
101 3 2.0 -1 0.07407407407407407
90 12 4.0 -3 0.07407407407407407
88 13 8.0 -7 0.07407407407407407
89 13 -3 4.0 0.07407407407407407
91 14 8.0 -7 0.07407407407407407
91 15 4.0 -3 0.07407407407407407
97 25 -1 2.0 0.07407407407407407
112 26 4.0 -3 0.07407407407407407
110 27 8.0 -7 0.07407407407407407
111 27 -3 4.0 0.07407407407407407
113 28 8.0 -7 0.07407407407407407
113 29 4.0 -3 0.07407407407407407
119 39 2.0 -1 0.07407407407407407
104 4 2.0 -1 0.037037037037037035
102 5 6.0 -5 0.037037037037037035
103 5 -1 2.0 0.037037037037037035
105 6 6.0 -5 0.037037037037037035
105 7 2.0 -1 0.037037037037037035
94 16 4.0 -3 0.037037037037037035
92 17 8.0 -7 0.037037037037037035
93 17 -3 4.0 0.037037037037037035
95 18 8.0 -7 0.037037037037037035
95 19 4.0 -3 0.037037037037037035
97 25 -1 2.0 0.037037037037037035
116 30 4.0 -3 0.037037037037037035
114 31 8.0 -7 0.037037037037037035
115 31 -3 4.0 0.037037037037037035
117 32 8.0 -7 0.037037037037037035
117 33 4.0 -3 0.037037037037037035
119 39 2.0 -1 0.037037037037037035
82 8 -1 2.0 0.037037037037037035
80 9 -5 6.0 0.037037037037037035
81 9 -1 2.0 0.037037037037037035
83 10 -5 6.0 0.037037037037037035
83 11 2.0 -1 0.037037037037037035
86 20 -3 4.0 0.037037037037037035
84 21 -7 8.0 0.037037037037037035
85 21 -3 4.0 0.037037037037037035
87 22 -7 8.0 0.037037037037037035
87 23 4.0 -3 0.037037037037037035
97 25 -1 2.0 0.037037037037037035
108 34 -3 4.0 0.037037037037037035
106 35 -7 8.0 0.037037037037037035
107 35 -3 4.0 0.037037037037037035
109 36 -7 8.0 0.037037037037037035
109 37 4.0 -3 0.037037037037037035
119 39 2.0 -1 0.037037037037037035
100 0 2.0 -1 0.07407407407407407
98 1 6.0 -5 0.07407407407407407
99 1 -1 2.0 0.07407407407407407
101 2 6.0 -5 0.07407407407407407
101 3 2.0 -1 0.07407407407407407
90 12 4.0 -3 0.07407407407407407
88 13 8.0 -7 0.07407407407407407
89 13 -3 4.0 0.07407407407407407
91 14 8.0 -7 0.07407407407407407
91 15 4.0 -3 0.07407407407407407
97 25 -1 2.0 0.07407407407407407
112 26 4.0 -3 0.07407407407407407
110 27 8.0 -7 0.07407407407407407
111 27 -3 4.0 0.07407407407407407
113 28 8.0 -7 0.07407407407407407
113 29 4.0 -3 0.07407407407407407
119 39 2.0 -1 0.07407407407407407
104 4 2.0 -1 0.037037037037037035
102 5 6.0 -5 0.037037037037037035
103 5 -1 2.0 0.037037037037037035
105 6 6.0 -5 0.037037037037037035
105 7 2.0 -1 0.037037037037037035
94 16 4.0 -3 0.037037037037037035
92 17 8.0 -7 0.037037037037037035
93 17 -3 4.0 0.037037037037037035
95 18 8.0 -7 0.037037037037037035
95 19 4.0 -3 0.037037037037037035
97 25 -1 2.0 0.037037037037037035
116 30 4.0 -3 0.037037037037037035
114 31 8.0 -7 0.037037037037037035
115 31 -3 4.0 0.037037037037037035
117 32 8.0 -7 0.037037037037037035
117 33 4.0 -3 0.037037037037037035
119 39 2.0 -1 0.037037037037037035
82 40 2.0 -1 0.07407407407407407
80 41 6.0 -5 0.07407407407407407
81 41 -1 2.0 0.07407407407407407
83 42 6.0 -5 0.07407407407407407
83 43 2.0 -1 0.07407407407407407
86 52 4.0 -3 0.07407407407407407
84 53 8.0 -7 0.07407407407407407
85 53 -3 4.0 0.07407407407407407
87 54 8.0 -7 0.07407407407407407
87 55 4.0 -3 0.07407407407407407
97 65 -1 2.0 0.07407407407407407
108 66 4.0 -3 0.07407407407407407
106 67 8.0 -7 0.07407407407407407
107 67 -3 4.0 0.07407407407407407
109 68 8.0 -7 0.07407407407407407
109 69 4.0 -3 0.07407407407407407
119 79 2.0 -1 0.07407407407407407
100 44 -1 2.0 0.037037037037037035
98 45 -5 6.0 0.037037037037037035
99 45 -1 2.0 0.037037037037037035
101 46 -5 6.0 0.037037037037037035
101 47 2.0 -1 0.037037037037037035
90 56 -3 4.0 0.037037037037037035
88 57 -7 8.0 0.037037037037037035
89 57 -3 4.0 0.037037037037037035
91 58 -7 8.0 0.037037037037037035
91 59 4.0 -3 0.037037037037037035
97 65 -1 2.0 0.037037037037037035
112 70 -3 4.0 0.037037037037037035
110 71 -7 8.0 0.037037037037037035
111 71 -3 4.0 0.037037037037037035
113 72 -7 8.0 0.037037037037037035
113 73 4.0 -3 0.037037037037037035
119 79 2.0 -1 0.037037037037037035
104 48 2.0 -1 0.037037037037037035
102 49 6.0 -5 0.037037037037037035
103 49 -1 2.0 0.037037037037037035
105 50 6.0 -5 0.037037037037037035
105 51 2.0 -1 0.037037037037037035
94 60 4.0 -3 0.037037037037037035
92 61 8.0 -7 0.037037037037037035
93 61 -3 4.0 0.037037037037037035
95 62 8.0 -7 0.037037037037037035
95 63 4.0 -3 0.037037037037037035
97 65 -1 2.0 0.037037037037037035
116 74 4.0 -3 0.037037037037037035
114 75 8.0 -7 0.037037037037037035
115 75 -3 4.0 0.037037037037037035
117 76 8.0 -7 0.037037037037037035
117 77 4.0 -3 0.037037037037037035
119 79 2.0 -1 0.037037037037037035
82 40 2.0 -1 0.07407407407407407
80 41 6.0 -5 0.07407407407407407
81 41 -1 2.0 0.07407407407407407
83 42 6.0 -5 0.07407407407407407
83 43 2.0 -1 0.07407407407407407
86 52 4.0 -3 0.07407407407407407
84 53 8.0 -7 0.07407407407407407
85 53 -3 4.0 0.07407407407407407
87 54 8.0 -7 0.07407407407407407
87 55 4.0 -3 0.07407407407407407
97 65 -1 2.0 0.07407407407407407
108 66 4.0 -3 0.07407407407407407
106 67 8.0 -7 0.07407407407407407
107 67 -3 4.0 0.07407407407407407
109 68 8.0 -7 0.07407407407407407
109 69 4.0 -3 0.07407407407407407
119 79 2.0 -1 0.07407407407407407
100 44 -1 2.0 0.037037037037037035
98 45 -5 6.0 0.037037037037037035
99 45 -1 2.0 0.037037037037037035
101 46 -5 6.0 0.037037037037037035
101 47 2.0 -1 0.037037037037037035
90 56 -3 4.0 0.037037037037037035
88 57 -7 8.0 0.037037037037037035
89 57 -3 4.0 0.037037037037037035
91 58 -7 8.0 0.037037037037037035
91 59 4.0 -3 0.037037037037037035
97 65 -1 2.0 0.037037037037037035
112 70 -3 4.0 0.037037037037037035
110 71 -7 8.0 0.037037037037037035
111 71 -3 4.0 0.037037037037037035
113 72 -7 8.0 0.037037037037037035
113 73 4.0 -3 0.037037037037037035
119 79 2.0 -1 0.037037037037037035
104 48 2.0 -1 0.037037037037037035
102 49 6.0 -5 0.037037037037037035
103 49 -1 2.0 0.037037037037037035
105 50 6.0 -5 0.037037037037037035
105 51 2.0 -1 0.037037037037037035
94 60 4.0 -3 0.037037037037037035
92 61 8.0 -7 0.037037037037037035
93 61 -3 4.0 0.037037037037037035
95 62 8.0 -7 0.037037037037037035
95 63 4.0 -3 0.037037037037037035
97 65 -1 2.0 0.037037037037037035
116 74 4.0 -3 0.037037037037037035
114 75 8.0 -7 0.037037037037037035
115 75 -3 4.0 0.037037037037037035
117 76 8.0 -7 0.037037037037037035
117 77 4.0 -3 0.037037037037037035
119 79 2.0 -1 0.037037037037037035
82 40 2.0 -1 0.07407407407407407
80 41 6.0 -5 0.07407407407407407
81 41 -1 2.0 0.07407407407407407
83 42 6.0 -5 0.07407407407407407
83 43 2.0 -1 0.07407407407407407
86 52 4.0 -3 0.07407407407407407
84 53 8.0 -7 0.07407407407407407
85 53 -3 4.0 0.07407407407407407
87 54 8.0 -7 0.07407407407407407
87 55 4.0 -3 0.07407407407407407
97 65 -1 2.0 0.07407407407407407
108 66 4.0 -3 0.07407407407407407
106 67 8.0 -7 0.07407407407407407
107 67 -3 4.0 0.07407407407407407
109 68 8.0 -7 0.07407407407407407
109 69 4.0 -3 0.07407407407407407
119 79 2.0 -1 0.07407407407407407
100 44 -1 2.0 0.037037037037037035
98 45 -5 6.0 0.037037037037037035
99 45 -1 2.0 0.037037037037037035
101 46 -5 6.0 0.037037037037037035
101 47 2.0 -1 0.037037037037037035
90 56 -3 4.0 0.037037037037037035
88 57 -7 8.0 0.037037037037037035
89 57 -3 4.0 0.037037037037037035
91 58 -7 8.0 0.037037037037037035
91 59 4.0 -3 0.037037037037037035
97 65 -1 2.0 0.037037037037037035
112 70 -3 4.0 0.037037037037037035
110 71 -7 8.0 0.037037037037037035
111 71 -3 4.0 0.037037037037037035
113 72 -7 8.0 0.037037037037037035
113 73 4.0 -3 0.037037037037037035
119 79 2.0 -1 0.037037037037037035
104 48 2.0 -1 0.037037037037037035
102 49 6.0 -5 0.037037037037037035
103 49 -1 2.0 0.037037037037037035
105 50 6.0 -5 0.037037037037037035
105 51 2.0 -1 0.037037037037037035
94 60 4.0 -3 0.037037037037037035
92 61 8.0 -7 0.037037037037037035
93 61 -3 4.0 0.037037037037037035
95 62 8.0 -7 0.037037037037037035
95 63 4.0 -3 0.037037037037037035
97 65 -1 2.0 0.037037037037037035
116 74 4.0 -3 0.037037037037037035
114 75 8.0 -7 0.037037037037037035
115 75 -3 4.0 0.037037037037037035
117 76 8.0 -7 0.037037037037037035
117 77 4.0 -3 0.037037037037037035
119 79 2.0 -1 0.037037037037037035
82 80 0.5 0.5 0.037037037037037035
80 81 0.5 0.5 0.037037037037037035
81 81 -1 2.0 0.037037037037037035
83 82 0.5 0.5 0.037037037037037035
83 83 2.0 -1 0.037037037037037035
86 92 0.5 0.5 0.037037037037037035
84 93 0.5 0.5 0.037037037037037035
85 93 -3 4.0 0.037037037037037035
87 94 0.5 0.5 0.037037037037037035
87 95 4.0 -3 0.037037037037037035
97 105 -1 2.0 0.037037037037037035
108 106 0.5 0.5 0.037037037037037035
106 107 0.5 0.5 0.037037037037037035
107 107 -3 4.0 0.037037037037037035
109 108 0.5 0.5 0.037037037037037035
109 109 4.0 -3 0.037037037037037035
119 119 2.0 -1 0.037037037037037035
100 84 0.5 0.5 0.037037037037037035
98 85 0.5 0.5 0.037037037037037035
99 85 -1 2.0 0.037037037037037035
101 86 0.5 0.5 0.037037037037037035
101 87 2.0 -1 0.037037037037037035
90 96 0.5 0.5 0.037037037037037035
88 97 0.5 0.5 0.037037037037037035
89 97 -3 4.0 0.037037037037037035
91 98 0.5 0.5 0.037037037037037035
91 99 4.0 -3 0.037037037037037035
97 105 -1 2.0 0.037037037037037035
112 110 0.5 0.5 0.037037037037037035
110 111 0.5 0.5 0.037037037037037035
111 111 -3 4.0 0.037037037037037035
113 112 0.5 0.5 0.037037037037037035
113 113 4.0 -3 0.037037037037037035
119 119 2.0 -1 0.037037037037037035
82 80 0.5 0.5 0.037037037037037035
80 81 0.5 0.5 0.037037037037037035
81 81 -1 2.0 0.037037037037037035
83 82 0.5 0.5 0.037037037037037035
83 83 2.0 -1 0.037037037037037035
86 92 0.5 0.5 0.037037037037037035
84 93 0.5 0.5 0.037037037037037035
85 93 -3 4.0 0.037037037037037035
87 94 0.5 0.5 0.037037037037037035
87 95 4.0 -3 0.037037037037037035
97 105 -1 2.0 0.037037037037037035
108 106 0.5 0.5 0.037037037037037035
106 107 0.5 0.5 0.037037037037037035
107 107 -3 4.0 0.037037037037037035
109 108 0.5 0.5 0.037037037037037035
109 109 4.0 -3 0.037037037037037035
119 119 2.0 -1 0.037037037037037035
100 84 0.5 0.5 0.037037037037037035
98 85 0.5 0.5 0.037037037037037035
99 85 -1 2.0 0.037037037037037035
101 86 0.5 0.5 0.037037037037037035
101 87 2.0 -1 0.037037037037037035
90 96 0.5 0.5 0.037037037037037035
88 97 0.5 0.5 0.037037037037037035
89 97 -3 4.0 0.037037037037037035
91 98 0.5 0.5 0.037037037037037035
91 99 4.0 -3 0.037037037037037035
97 105 -1 2.0 0.037037037037037035
112 110 0.5 0.5 0.037037037037037035
110 111 0.5 0.5 0.037037037037037035
111 111 -3 4.0 0.037037037037037035
113 112 0.5 0.5 0.037037037037037035
113 113 4.0 -3 0.037037037037037035
119 119 2.0 -1 0.037037037037037035
82 80 0.5 0.5 0.037037037037037035
80 81 0.5 0.5 0.037037037037037035
81 81 -1 2.0 0.037037037037037035
83 82 0.5 0.5 0.037037037037037035
83 83 2.0 -1 0.037037037037037035
86 92 0.5 0.5 0.037037037037037035
84 93 0.5 0.5 0.037037037037037035
85 93 -3 4.0 0.037037037037037035
87 94 0.5 0.5 0.037037037037037035
87 95 4.0 -3 0.037037037037037035
97 105 -1 2.0 0.037037037037037035
108 106 0.5 0.5 0.037037037037037035
106 107 0.5 0.5 0.037037037037037035
107 107 -3 4.0 0.037037037037037035
109 108 0.5 0.5 0.037037037037037035
109 109 4.0 -3 0.037037037037037035
119 119 2.0 -1 0.037037037037037035
100 84 0.5 0.5 0.037037037037037035
98 85 0.5 0.5 0.037037037037037035
99 85 -1 2.0 0.037037037037037035
101 86 0.5 0.5 0.037037037037037035
101 87 2.0 -1 0.037037037037037035
90 96 0.5 0.5 0.037037037037037035
88 97 0.5 0.5 0.037037037037037035
89 97 -3 4.0 0.037037037037037035
91 98 0.5 0.5 0.037037037037037035
91 99 4.0 -3 0.037037037037037035
97 105 -1 2.0 0.037037037037037035
112 110 0.5 0.5 0.037037037037037035
110 111 0.5 0.5 0.037037037037037035
111 111 -3 4.0 0.037037037037037035
113 112 0.5 0.5 0.037037037037037035
113 113 4.0 -3 0.037037037037037035
119 119 2.0 -1 0.037037037037037035
